world: aa81f632-3a1e-4dd4-91a1-cce4a1d20a09
world-name: world
x: -152.87389246306506
y: 72.0
z: 91.93753320250052
yaw: -87.960205078125
pitch: 19.216875076293945
name: at
lastowner: 33b90bf8-6e03-3c4a-964a-86841166070c
