world: aa81f632-3a1e-4dd4-91a1-cce4a1d20a09
world-name: world
x: -159.79503396821454
y: 69.0
z: 193.09069817207998
yaw: -18.1541748046875
pitch: -17.400081634521484
name: bamboo-farm
lastowner: 33b90bf8-6e03-3c4a-964a-86841166070c
