world: aa81f632-3a1e-4dd4-91a1-cce4a1d20a09
world-name: world
x: -20.250021316125913
y: 63.0
z: 115.91067787583566
yaw: -92.40020751953125
pitch: -9.899949073791504
name: cactus-farm
lastowner: 33b90bf8-6e03-3c4a-964a-86841166070c
