world: aa81f632-3a1e-4dd4-91a1-cce4a1d20a09
world-name: world
x: -2161.734544643866
y: 70.0
z: -2357.681821711817
yaw: -69.33731079101562
pitch: 25.249914169311523
name: colour-desert2
lastowner: 33b90bf8-6e03-3c4a-964a-86841166070c
