world: aa81f632-3a1e-4dd4-91a1-cce4a1d20a09
world-name: world
x: -2684.444983489045
y: 88.0
z: -2567.4820816761808
yaw: -164.06134033203125
pitch: 13.200231552124023
name: colour-desert
lastowner: 33b90bf8-6e03-3c4a-964a-86841166070c
