world: aa81f632-3a1e-4dd4-91a1-cce4a1d20a09
world-name: world
x: -68.65211792379199
y: 63.0
z: 124.69739666315071
yaw: 177.30072021484375
pitch: 1.2000055313110352
name: enchanted
lastowner: 33b90bf8-6e03-3c4a-964a-86841166070c
