world: aa81f632-3a1e-4dd4-91a1-cce4a1d20a09
world-name: world
x: -159.04646830547728
y: 69.0
z: 50.123404863127554
yaw: -176.16015625
pitch: 8.86685562133789
name: iron-farm
lastowner: 33b90bf8-6e03-3c4a-964a-86841166070c
