world: aa81f632-3a1e-4dd4-91a1-cce4a1d20a09
world-name: world
x: -61.18155787503488
y: 69.0
z: 30.15122330445391
yaw: -176.249755859375
pitch: 20.850011825561523
name: jail
lastowner: 33b90bf8-6e03-3c4a-964a-86841166070c
