world: 317fb53e-96b9-497f-bdb8-c9985edbc4f7
world-name: world_nether
x: -830.6999999880791
y: 39.0
z: 505.77920960425587
yaw: -91.603515625
pitch: 13.3499755859375
name: nether-pig
lastowner: cc528af8-b237-3536-b210-02268a9d40af
