world: 317fb53e-96b9-497f-bdb8-c9985edbc4f7
world-name: world_nether
x: -294.69999998807907
y: 86.0
z: 342.72492613765604
yaw: -62.40234375
pitch: 27.562524795532227
name: nether-castle
lastowner: cc528af8-b237-3536-b210-02268a9d40af
