world: 317fb53e-96b9-497f-bdb8-c9985edbc4f7
world-name: world_nether
x: -791.6887757090581
y: 63.0
z: 372.5795736804421
yaw: 99.44851684570312
pitch: 19.27545738220215
name: piglinbase
lastowner: 33b90bf8-6e03-3c4a-964a-86841166070c
